 PDE 2015  5  2 16 50 43.00  31.4850  140.0530   1.5 5.6 0.0 Smith/TR_dip75/f_alp_0.300 
event name:     010176A
time shift:      5.0000
half duration:   5.0000
latitude:       31.4850
longitude:     140.0530
depth:           1.5000
Mrr:       4.328252e+24
Mtt:       1.504144e+24
Mpp:       1.504144e+24
Mrt:       0.000000e+00
Mrp:       0.000000e+00
Mtp:       0.000000e+00